2.372755260003032163e-01
6.928259990672813728e-04
7.219569997687358409e-04
7.287270000233547762e-04
7.733880011073779315e-04
7.229670009110122919e-04
7.299970002350164577e-04
7.181370001489995047e-04
7.147060005081584677e-04
7.326669983740430325e-04
7.330570006160996854e-04
7.347669998125638813e-04
7.306670013349503279e-04
7.884079986979486421e-04
7.949679984449176118e-04
7.218760001705959439e-04
8.832590010570129380e-04
8.977880006568739191e-04
8.522680000169202685e-04
7.292770005733473226e-04
7.591769990540342405e-04
6.830559996160445735e-04
1.049838998369523324e-03
8.287079999718116596e-04
7.311169993045041338e-04
7.503269989683758467e-04
6.808670004829764366e-04
6.841159993200562894e-04
8.043880006880499423e-04
7.356570004048990086e-04
7.615770009579136968e-04
7.418370005325414240e-04
7.335869995586108416e-04
8.026680006878450513e-04
8.690779995959019288e-04
6.912969984114170074e-04
6.989570010773604736e-04
6.616859991481760517e-04
6.588559990632347763e-04
6.501360003312584013e-04
7.466269998985808343e-04
7.599680011480813846e-04
7.900979999249102548e-04
7.909169999038567767e-04
7.919869985926197842e-04
7.924080000520916656e-04
7.951180014060810208e-04
6.586559993593255058e-04
8.348080009454861283e-04
8.374179997190367430e-04
7.345670001086546108e-04
6.507569996756501496e-04
7.640069998160470277e-04
7.196170008683111519e-04
7.342870012507773936e-04
7.259969988808734342e-04
6.881469998916145414e-04
6.739159998687682673e-04
6.673570005659712479e-04
6.606669994653202593e-04
6.648870003118645400e-04
6.769169995095580816e-04
6.579069995495956391e-04
6.603059991903137416e-04
6.740369990438921377e-04
6.533460000355262309e-04
6.551759997819317505e-04
6.544759999087546021e-04
6.580059998668730259e-04
6.881270001031225547e-04
6.530159989779349416e-04
6.638459999521728605e-04
6.574859999091131613e-04
6.548959991050651297e-04
6.816670011176029220e-04
6.695560005027800798e-04
6.745959999534534290e-04
6.558460008818656206e-04
6.650260002061259001e-04
6.694160001643467695e-04
6.577859985554823652e-04
6.808070011175004765e-04
6.897760013089282438e-04
7.064559995342278853e-04
6.615459988097427413e-04
6.428060005418956280e-04
6.878169988340232521e-04
6.514659999083960429e-04
6.477660008386010304e-04
6.664760003332048655e-04
6.561769987456500530e-04
6.828059995314106345e-04
6.562559992744354531e-04
6.454159993154462427e-04
6.402560011338209733e-04
6.319260010059224442e-04
6.289960001595318317e-04
6.679660000372678041e-04
6.614970006921794266e-04
6.317460010905051604e-04
