1.907850999486981891e-03
1.140181000664597377e-03
1.308083999902009964e-03
1.184080998427816667e-03
6.033259996911510825e-04
1.081108999642310664e-03
6.698280012642499059e-04
1.294753999900422059e-03
1.437587001419160515e-03
6.793580014345934615e-04
1.027797001370345242e-03
5.293129997880896553e-04
5.095830001664580777e-04
5.736049988627200946e-04
1.246903000719612464e-03
1.181359999463893473e-03
1.065897000444238074e-03
1.119438999012345448e-03
1.104037999539286830e-03
1.126958999520866200e-03
1.080927999282721430e-03
4.478310002014040947e-04
5.404040002758847550e-04
3.784906999499071389e-03
5.218730002525262535e-04
7.008909000433050096e-03
2.004222000323352404e-03
8.418810011789901182e-04
1.068988000042736530e-03
4.446209986781468615e-04
4.270310000720201060e-04
1.064926998878945597e-03
1.087107999410363846e-03
1.140828999268705957e-03
1.067777000571368262e-03
1.059607000570395030e-03
1.190339999084244482e-03
1.461656998799298890e-03
1.171640000393381342e-03
1.112927999201929197e-03
1.364843999908771366e-03
1.131308999902103096e-03
1.055917000485351309e-03
1.234211000337381847e-03
1.048805999744217843e-03
1.478787000451120548e-03
5.591240005742292851e-04
1.089946999854873866e-03
1.179049999336712062e-03
4.392709997773636132e-04
1.316333000431768596e-03
1.128238000092096627e-03
1.094676999855437316e-03
1.208839999890187755e-03
1.077426000847481191e-03
1.496826998845790513e-03
1.042275000145309605e-03
1.054446000125608407e-03
1.165188999948441051e-03
1.052636000167694874e-03
1.251060999493347481e-03
1.335273000222514383e-03
1.145939000707585365e-03
1.125328000853187405e-03
1.110928000343847089e-03
1.134478001404204406e-03
1.127986999563290738e-03
1.193549000163329765e-03
1.269281001441413537e-03
1.061554999978397973e-03
1.069566000296617858e-03
1.051905999702285044e-03
1.244629998836899176e-03
1.287261000470607542e-03
1.113477001126739196e-03
1.205749000291689299e-03
1.256040000953362323e-03
5.009029991924762726e-04
1.052804998835199513e-03
4.326700000092387199e-04
1.069465999535168521e-03
1.116727000407991000e-03
1.195008000649977475e-03
1.073596000424004160e-03
1.083065999409882352e-03
1.215029000377398916e-03
1.273829999263398349e-03
1.146368000263464637e-03
1.092896000045584515e-03
1.118537000365904532e-03
1.055176000591018237e-03
1.179188000605790876e-03
1.089106001018080860e-03
1.037955000356305391e-03
1.138806999733787961e-03
1.034693999827140942e-03
1.193357998999999836e-03
1.194638000015402213e-03
1.130827000451972708e-03
1.266820001546875574e-03
