5.824859999847831205e-04
4.554249990178504959e-04
4.902549990219995379e-04
1.604216000487213023e-03
4.739750002045184374e-04
5.154150003363611177e-04
5.085950015200069174e-04
4.891150001640198752e-04
4.663849995267810300e-04
4.578749994834652171e-04
8.132279999699676409e-04
4.630749990610638633e-04
4.531949998636264354e-04
4.539749988907715306e-04
4.712249992735451087e-04
4.662249993998557329e-04
4.604349996952805668e-04
4.770949999510776252e-04
4.636240009858738631e-04
4.730350010504480451e-04
5.075449989817570895e-04
4.671149999921908602e-04
4.734350004582665861e-04
4.737640010716859251e-04
4.643249994842335582e-04
5.046950009273132309e-04
5.488960014190524817e-04
4.613450000761076808e-04
4.542240003502229229e-04
4.559949993563350290e-04
4.558539985737297684e-04
4.596040016622282565e-04
6.362959993566619232e-04
5.681959992216434330e-04
4.631049996532965451e-04
4.678950008383253589e-04
4.678149998653680086e-04
4.573449987219646573e-04
4.865549999522045255e-04
4.684949999500531703e-04
4.389650002849521115e-04
4.630049988918472081e-04
4.513340008998056874e-04
4.529939997155452147e-04
4.820949998247670010e-04
4.623849999916274101e-04
4.301139997551217675e-04
4.362540003057802096e-04
4.738139996334211901e-04
4.697450003732228652e-04
4.731949993583839387e-04
4.761340005643432960e-04
4.736640003102365881e-04
4.787750003742985427e-04
4.383750001579755917e-04
4.680950005422346294e-04
4.773150012624682859e-04
4.300440014048945159e-04
4.573839996737660840e-04
4.686850006692111492e-04
4.361240007710875943e-04
4.563249985949369147e-04
4.421749999892199412e-04
4.328840004745870829e-04
4.537149998213863000e-04
5.070650004199706018e-04
4.363549996924120933e-04
4.683650004153605551e-04
4.360340008133789524e-04
4.374149993964238092e-04
4.356450008344836533e-04
4.326350008341250941e-04
4.306739992898656055e-04
4.360149996500695124e-04
5.203450000408338383e-04
4.297539999242872000e-04
4.370949991425732151e-04
4.322840013628592715e-04
4.417550007929094136e-04
4.363150001154281199e-04
4.278540000086650252e-04
4.272639998816885054e-04
4.313739991630427539e-04
4.398050004965625703e-04
4.394140014483127743e-04
4.312049986765487120e-04
4.393849994812626392e-04
4.540550016827182844e-04
4.367549991002306342e-04
4.332749995228368789e-04
4.417149993969360366e-04
4.356139997980790213e-04
4.335239991632988676e-04
4.496540004765847698e-04
4.372339990368345752e-04
4.297640007280278951e-04
4.272549995221197605e-04
4.361740011518122628e-04
4.241639999236213043e-04
4.221540002617985010e-04
