2.374108040003193310e-01
7.144169994717231020e-04
8.504580000590067357e-04
9.612190006009768695e-04
8.788979994278633967e-04
1.154830999439582229e-03
8.611979992565466091e-04
1.634554999327519909e-03
8.649169994896510616e-04
7.259569993038894609e-04
7.410059988615103066e-04
9.895789989968761802e-04
8.489780011586844921e-04
1.164029999927151948e-03
8.811879997665528208e-04
1.186000999950920232e-03
8.450370005448348820e-04
8.937279999372549355e-04
8.974379998107906431e-04
7.502169992221752182e-04
8.025879997148877010e-04
7.739470001979498193e-04
7.684969987167278305e-04
7.768870000290917233e-04
7.392070001515094191e-04
6.709460012643830851e-04
6.576360010512871668e-04
6.970159993215929717e-04
7.764380006847204641e-04
7.649569997738581151e-04
7.482469991373363882e-04
7.480069998564431444e-04
7.010860008449526504e-04
9.510780000709928572e-04
6.912759999977424741e-04
8.060769996518502012e-04
6.756969996786210686e-04
6.772759988962206990e-04
6.777060007152613252e-04
6.713160000799689442e-04
6.723559999954886734e-04
8.804579993011429906e-04
6.754459991498151794e-04
6.552760005433810875e-04
6.531759991048602387e-04
6.492060001619393006e-04
6.492859993159072474e-04
6.500759991467930377e-04
6.467760013038059697e-04
6.480560005002189428e-04
7.037659997877199203e-04
6.491559997812146321e-04
6.931370007805526257e-04
6.899859999975888059e-04
6.511060000775614753e-04
9.950490002665901557e-04
8.888680004019988701e-04
1.070289999915985391e-03
8.099269998638192192e-04
7.642769996891729534e-04
6.639760013058548793e-04
6.754070000170031562e-04
9.323690010205609724e-04
1.352563000182271935e-03
9.007689986901823431e-04
9.147090004262281582e-04
8.760180007811868563e-04
9.012179998535430059e-04
6.442359990614932030e-04
7.079859988152747974e-04
8.384180000575724989e-04
7.177670013334136456e-04
7.370859984803246334e-04
6.870260003779549152e-04
8.499679988744901493e-04
6.374750009854324162e-04
6.406560005416395143e-04
6.337449995044153184e-04
6.416849992092465982e-04
6.381860002875328064e-04
6.407059991033747792e-04
6.434949991671601310e-04
8.456670002487953752e-04
7.422070011671166867e-04
6.732660003763157874e-04
7.065970003168331459e-04
9.102879994316026568e-04
7.769280000502476469e-04
9.027180003613466397e-04
6.432550017052562907e-04
9.121290004259208217e-04
8.840780010359594598e-04
6.689459987683221698e-04
8.507370002917014062e-04
6.382160008797654882e-04
9.324990005552535877e-04
1.599414999873260967e-03
6.683569990855176002e-04
6.560259989782935008e-04
8.148480010277125984e-04
