2.424780233002820751e+00
1.620247649989323691e-01
1.679142360007972457e-01
1.651079689981997944e-01
1.658441310028138105e-01
1.632983160016010515e-01
1.625151139996887650e-01
1.708853659984015394e-01
1.662805560008564498e-01
1.633305569994263351e-01
1.626042630014126189e-01
1.638997930022014771e-01
1.640038799996546004e-01
1.634573169976647478e-01
1.715887179998389911e-01
1.624774830015667249e-01
1.585298869977123104e-01
1.617926580001949333e-01
1.742869219997373875e-01
1.719312669993087184e-01
1.684718519973102957e-01
1.652895740007807035e-01
1.600144850017386489e-01
1.587077629992563743e-01
1.577020309996441938e-01
1.591494899985264055e-01
1.601823029996012338e-01
1.585642930003814399e-01
1.607741530024213716e-01
1.666889110019837972e-01
1.569859070004895329e-01
1.638676549991942011e-01
1.576387329987483099e-01
1.589022929983912036e-01
1.594966169977851678e-01
1.597483439982170239e-01
1.614834449974296149e-01
1.628945140000723768e-01
1.626469170005293563e-01
1.687599289980425965e-01
1.792869310011155903e-01
1.606654690003779251e-01
1.634282549966883380e-01
1.690160439975443296e-01
1.612330319985630922e-01
1.591559230000711977e-01
1.596013359994685743e-01
1.628979020024416968e-01
1.644964659972174559e-01
1.637984560002223589e-01
1.584975189980468713e-01
1.577611360007722396e-01
1.617677340000227559e-01
1.636684399963996839e-01
1.591338830003223848e-01
1.650629470022977330e-01
1.598578930024814326e-01
1.558744879985169973e-01
1.615424390001862776e-01
1.575719490028859582e-01
1.661468590027652681e-01
1.577281740028411150e-01
1.634563189982145559e-01
1.644980500022938941e-01
1.618250540013832506e-01
1.575876589995459653e-01
1.619129509999766015e-01
1.649617069997475483e-01
1.644090020017756615e-01
1.578360389976296574e-01
1.562931500011472963e-01
1.540704460021515843e-01
1.605728860013186932e-01
1.648809849975805264e-01
1.617618250020314008e-01
1.616512569999031257e-01
1.572184720025688875e-01
1.619842459986102767e-01
1.648389460024191067e-01
1.586873400010517798e-01
1.602352079971751664e-01
1.602850019990000874e-01
1.593460860021878034e-01
1.589492759994755033e-01
1.643712020013481379e-01
1.578200100011599716e-01
1.587508310003613587e-01
1.642961399993509986e-01
1.616746209983830340e-01
1.553072470014740247e-01
1.619180519992369227e-01
1.620436299999710172e-01
1.601047029980691150e-01
1.584246240017819218e-01
1.736196359997848049e-01
1.588539670010504778e-01
1.635584059986285865e-01
1.670598089986015111e-01
1.724777370000083465e-01
1.747489739973389078e-01
