5.773803157000656938e+00
3.254745526999613503e+00
3.284540684999228688e+00
3.212459174999821698e+00
3.246435837001627078e+00
3.277472786998259835e+00
3.230248869000206469e+00
3.313489324002148351e+00
3.224108167996746488e+00
3.187690126000234159e+00
3.322387771000649082e+00
3.293309485998179298e+00
3.285480222999467514e+00
3.310270386999036418e+00
3.262155021002399735e+00
3.307615350997366477e+00
3.297734431002027122e+00
3.271291049000865314e+00
3.318193651000910904e+00
3.297476910000114003e+00
3.268602872998599196e+00
3.280239714997151168e+00
3.303837078998185461e+00
3.243746333999297349e+00
3.260558873000263702e+00
3.255923251999774948e+00
3.338027911999233766e+00
3.425999499002500670e+00
3.221597872998245293e+00
3.222339350999391172e+00
