6.199889300114591606e-02
5.095939500097301789e-02
4.925706799986073747e-02
4.763048499808064662e-02
4.621453900108463131e-02
4.753699800130561925e-02
5.017686599967419170e-02
4.750245299874222837e-02
4.655329000161145814e-02
4.853997300233459100e-02
4.959065900038694963e-02
4.649598099786089733e-02
4.670558699945104308e-02
4.794282500006374903e-02
5.080068499955814332e-02
4.867091000051004812e-02
4.809522299910895526e-02
5.846557800032314844e-02
5.331949399987934157e-02
5.087806099982117303e-02
5.445662299825926311e-02
4.952120799862314016e-02
4.580917400016915053e-02
4.685964900272665545e-02
5.128311699809273705e-02
5.271614400044200011e-02
4.910071299673290923e-02
5.010436999873491004e-02
4.793582199999946170e-02
4.709115600053337403e-02
4.825872200308367610e-02
4.831525899862754159e-02
4.890267899827449583e-02
4.918532299780054018e-02
5.346746399663970806e-02
4.750998700183117762e-02
4.660343499926966615e-02
4.708432400002493523e-02
4.580717000135337003e-02
4.668857599972398020e-02
4.695617099787341431e-02
4.877223299990873784e-02
4.717015599817386828e-02
4.688680999970529228e-02
4.763843000182532705e-02
4.663305099893477745e-02
4.768412699922919273e-02
4.698823199942125939e-02
4.686981800114153884e-02
4.738595299932057969e-02
4.754015499929664657e-02
4.749280599935445935e-02
4.706579900084761903e-02
4.774233699936303310e-02
4.634000700025353581e-02
4.643242200108943507e-02
4.659078199983923696e-02
4.739909899944905192e-02
4.715898499853210524e-02
4.655968200313509442e-02
4.635798199888085946e-02
4.643754200151306577e-02
4.845444300008239225e-02
4.683963100251276046e-02
5.158716200094204396e-02
4.737616600323235616e-02
4.858461800176883116e-02
4.685779599822126329e-02
4.716375299904029816e-02
4.658186400047270581e-02
4.901644500205293298e-02
4.940682199958246201e-02
4.943814199941698462e-02
4.984506100299768150e-02
5.079954399843700230e-02
4.825897299815551378e-02
4.905931499888538383e-02
5.176062900136457756e-02
4.816769100216333754e-02
4.729674499685643241e-02
4.885850699793081731e-02
4.773429300257703289e-02
4.758156400203006342e-02
4.625612900053965859e-02
4.683876000126474537e-02
4.768177299774833955e-02
4.719853999995393679e-02
4.619731799903092906e-02
4.691946299863047898e-02
4.934612800207105465e-02
4.699830100071267225e-02
4.663554699800442904e-02
4.745931300203665160e-02
4.649512100149877369e-02
5.196047800200176425e-02
4.595047199836699292e-02
4.579107099925749935e-02
4.612996099967858754e-02
4.927053500068723224e-02
4.736623699864139780e-02
