2.669144480000795738e-01
1.581095030001051782e-01
1.605411669997920399e-01
1.564234069996928156e-01
1.600218259995926928e-01
1.692346280001402192e-01
1.748793970000406262e-01
1.534021170000414713e-01
1.548154570000406238e-01
1.528067019999070908e-01
1.671414760003244737e-01
1.632320480002817931e-01
2.409959999999955471e-01
1.524188660000618256e-01
1.625175099998159567e-01
1.549489829999401991e-01
1.567006260002017370e-01
1.514764270000341639e-01
1.560059930002353212e-01
1.529951190000247152e-01
1.532484429999385611e-01
1.540660450000359560e-01
1.517682029998468352e-01
1.660354660002667515e-01
2.365017299998726230e-01
1.551715539999349858e-01
1.535140549999596260e-01
1.499510070002543216e-01
1.513067830001091352e-01
1.606703679999554879e-01
