1.628375972999492660e+00
3.645909250008116942e-01
3.533404170011635870e-01
3.589098019983794075e-01
3.571397800005797762e-01
3.600515979996998794e-01
3.513616620002721902e-01
3.476851729974441696e-01
3.411264599999412894e-01
3.481904870022844989e-01
3.595125130013911985e-01
3.506623350003792439e-01
3.351837629998044576e-01
3.408515340015583206e-01
3.385720610021962784e-01
3.490753309997671749e-01
3.692927209995104931e-01
3.365949389990419149e-01
3.488580830016871914e-01
3.496156529981817584e-01
3.319419270010257605e-01
3.422492080026131589e-01
3.347906359995249659e-01
3.434378620004281402e-01
3.422786039991478901e-01
3.357900739974866156e-01
3.382331479988351930e-01
3.434229160011454951e-01
3.399115669999446254e-01
3.414176220030640252e-01
3.373225409995939117e-01
3.447141559990996029e-01
3.502540760018746369e-01
3.364809140002762433e-01
3.441211780009325594e-01
3.457425499982491601e-01
3.533306259996606968e-01
3.512341890018433332e-01
3.461467149973032065e-01
3.590821969992248341e-01
3.477667250008380506e-01
3.645566539998981170e-01
3.558857539974269457e-01
3.348027510000974871e-01
3.495476179996330757e-01
3.383649860006698873e-01
3.525307519994385075e-01
3.470551639984478243e-01
3.378540739977324847e-01
3.388301070008310489e-01
3.414120919987908565e-01
3.610901249994640239e-01
3.412692530000640545e-01
3.465317290028906427e-01
3.479063949998817407e-01
3.374618660018313676e-01
3.536809790020924993e-01
3.473471020006400067e-01
3.508917939980165102e-01
3.528656119997322094e-01
3.420001670019701123e-01
3.439480660017579794e-01
3.522731350021786056e-01
3.656949649994203355e-01
3.495983950015215669e-01
3.429572969980654307e-01
3.493361209984868765e-01
3.511339670003508218e-01
3.348575870004424360e-01
3.354863140011730138e-01
3.378421830020670313e-01
3.415067519999865908e-01
3.408667240000795573e-01
3.351110980001976714e-01
3.423876770029892214e-01
3.432411790017795283e-01
3.422916159979649819e-01
3.312299820026964881e-01
3.438632739998865873e-01
3.559677189987269230e-01
3.474071460004779510e-01
3.408785520005039871e-01
3.504454039975826163e-01
3.222486980012035929e-01
3.325312130000384059e-01
3.181706600007601082e-01
3.220514370004821103e-01
3.378291469998657703e-01
3.240861290032626130e-01
3.138380609998421278e-01
3.336657069994544145e-01
3.295717580003838520e-01
3.518507120024878532e-01
3.536736749992996920e-01
3.223718750014086254e-01
3.240176940016681328e-01
3.266698119987268001e-01
3.232269410000299104e-01
3.158582099968043622e-01
3.490520420018583536e-01
