2.076630156600003829e+01
1.462305992300389335e+01
1.415847071900498122e+01
1.438642038499529008e+01
1.401831321899953764e+01
1.427650196700415108e+01
1.388243275699642254e+01
1.446046524200210115e+01
1.424406283099961001e+01
1.412442580700007966e+01
1.549235296299593756e+01
1.514979251600016141e+01
1.527978710699971998e+01
1.461910059799993178e+01
1.402295470000535715e+01
1.478658243700192543e+01
1.459748577400023350e+01
2.359757751400320558e+01
2.226726633300131653e+01
2.882205139299912844e+01
1.402302656199753983e+01
1.385709562699776143e+01
1.240855428700160701e+01
1.245553829400159884e+01
1.247507799699815223e+01
1.243613563100370811e+01
1.232978877199639101e+01
1.240118964100111043e+01
1.268254861199966399e+01
1.279459463200328173e+01
