4.131686539010843262e+00
3.137780329008819535e+00
3.099596290994668379e+00
3.071753569005522877e+00
3.122997161000967026e+00
3.123646059015300125e+00
3.071359063003910705e+00
3.058593117020791396e+00
3.134106671001063660e+00
3.043737280007917434e+00
3.032290770992403850e+00
3.082932385994354263e+00
3.119260161009151489e+00
3.065685235982527956e+00
3.042612838995410129e+00
3.068858550977893174e+00
3.057072964991675690e+00
3.101598677982110530e+00
3.067245649988763034e+00
3.065915720013435930e+00
3.116249176993733272e+00
3.090553943999111652e+00
3.098293173010461032e+00
3.081753404985647649e+00
3.112539353023748845e+00
3.118159207020653412e+00
3.112298291001934558e+00
3.083783685986418277e+00
3.107369642006233335e+00
3.094484608998754993e+00
